 f_a : -20.75180095541654
 f_b : 1.059719258572224
 f_c : -1.166390864012042
 f_d : -0.09727843708918459
 wAngular : 4.881653071189049
 kPendViscous : 0.07035332644615992